free_thresh: 0.90
negate: 0
origin: [-30.000000, -30.000000, 0.0]
resolution: 0.050000
mode: trinary
occupied_thresh: 0.95
image: map1.pgm
